10 10 10 10 00 00 10 00 10 10
10 10 05 05 10 10 05 05 00 00
10 10 10 10 05 05 03 03 00 00
00 00 00 00 10 05 10 05 00 00
00 00 00 00 05 10 00 00 00 00
00 00 00 00 00 00 00 10 00 10
10 10 03 03 03 03 05 05 00 00
00 00 10 00 00 00 10 00 00 00
10 10 10 10 08 08 05 05 03 03
10 10 10 10 08 08 08 08 05 05
03 03 03 03 10 10 10 10 10 10
10 10 10 10 05 05 05 05 03 03
10 10 03 03 03 03 00 00 10 10
00 00 10 10 00 00 00 00 00 00
00 00 00 00 00 00 10 00 00 00
00 00 00 00 00 00 00 10 00 00
00 00 00 00 10 10 08 08 03 03
00 00 00 00 00 10 00 00 00 00
10 10 10 10 05 05 08 08 10 10
05 05 10 10 10 10 10 10 10 10
00 00 05 05 10 10 08 08 10 10